46686.61272,
46547.18699,
49645.21005,
53802.8531,
60335.85285,
58547.57135,
55143.91339,
53842.75578,
55541.34389,
58180.70047,
63108.36754,
69068.87116,
71875.62427,
69511.49873,
68973.66927,
69180.75434,
67337.23199,
69253.43559,
73593.54086,
74332.94688,
65326.52724,
54006.68764,
50892.62566,
46056.05346,
45191.80077,
43525.71874,
46734.2235,
52354.91218,
60011.1426,
57570.01466,
54559.73854,
52237.46213,
52096.36243,
56587.12457,
61446.15907,
65998.85792,
67491.54831,
67489.38773,
67055.34411,
67250.71143,
67529.77701,
67715.10054,
67274.36107,
67573.5142,
60349.86758,
51812.15822,
47852.7438,
44639.91787,
42418.07938,
41958.92629,
44410.79876,
46409.02665,
56268.19533,
55121.04252,
53635.74874,
49529.02537,
51249.37503,
52686.82457,
58642.3063,
63198.35308,
67165.1641,
65028.69783,
65550.48837,
65392.64903,
64665.6615,
65786.7316,
69219.5477,
69612.44292,
60991.03529,
53370.65888,
49041.29814,
44765.50428,
44776.73543,
45052.45308,
46163.47939,
50157.07385,
53936.40076,
58229.635,
62330.36324,
63290.73268,
62829.90562,
59399.46422,
58684.19444,
62384.84499,
67309.16413,
65614.62468,
65965.67077,
65052.8731,
64806.31359,
63669.20458,
65310.87787,
63356.87381,
56052.87683,
53539.76838,
46371.36259,
45274.42874,
43688.69703,
43721.68972,
44071.06185,
46591.56689,
51309.98831,
56905.56751,
60838.89922,
64511.09236,
64455.36489,
60572.95287,
62646.5092,
67123.87962,
68810.74997,
68897.30955,
67616.23952,
65600.29875,
66123.76326,
66384.41522,
69109.14403,
69567.32389,
60401.87756,
50377.68705,
45089.14422,
39780.51382,
38993.26354,
38542.48027,
41725.87555,
45595.59659,
53564.85851,
49332.58775,
45291.14904,
44631.12012,
44568.69679,
46150.10733,
51901.3653,
57137.04198,
58535.99031,
59012.58379,
59114.20905,
60103.0359,
60032.24275,
61668.89414,
65326.02159,
62550.1006,
56228.72122,
46907.59611,
42820.96033,
37559.20095,
37101.72183,
35812.28197,
38200.54376,
43481.4175,
50581.89146,
48433.70743,
43605.50505,
41909.29164,
41733.03868,
45194.31219,
50342.94267,
55717.55846,
59158.7444,
56655.67974,
59291.68839,
58462.58898,
60554.55892,
62069.01085,
63782.66465,
64933.86612,
54519.64172,
44913.94252,
40589.60368,
35979.01678,
36154.29651,
35465.81018,
37972.92351,
42672.9313,
50602.01806,
48013.58117,
43918.57557,
42901.99205,
41565.68117,
45062.10795,
49346.97237,
55846.4928,
55015.71943,
55768.51718,
55885.20813,
55844.54635,
55454.02583,
55025.00411,
57205.69422,
55874.40523,
49625.00635,
42001.28201,
37522.93836,
33402.82328,
31427.05768,
31972.28373,
34603.27048,
39479.04463,
48444.31587,
45716.93987,
43158.63436